memory_initialization_radix=2;,
memory_initialization_vector=,
010000101100011111011100001,
010000101100011110011000110,
010000101100100001110011101,
010000101100100101010111100,
010000101100100000111011010,
010000101100100101110111100,
010000101100100011000110100,
010000101100100000100011011,
010000101100100101101100000,
010000101100011101111100101,
010000101100100001100011101,
010000101100011110100110110,
010000101100100001001001110,
010000101100011111011110010,
010000101100011110111011000,
010000101100100000011001110,
010000101100011001100101110,
010000101100100000111000111,
010000101100100010101010101,
010000101100100001001010000,
010000101100100001001000010,
010000101100100011000101110,
010000101100011010100111010,
010000101100100001001011001,
010000101100100001000110111,
010000101100100010011011110,
010000101100011011100000011,
010000101100100010101001010,
010000101100100000100010111,
010000101100100000011011101,
010000101100011100111000000,
010000101100010110100011001,
010000101100100000110011100,
010000101100011111111001010,
010000101100100001101100001,
010000101100011100110011010,
010000101100011100110000010,
010000101100011001000011111,
010000101100100001000100010,
010000101100100011111110000,
010000101100011110101100100,
010000101100011110111111000,
010000101100011101110010100,
010000101100011110110111101,
010000101100100011110010000,
010000101100100010110011011,
010000101100100000100110101,
010000101100011011110000000,
010000101100110101000111010,
010000101100011111001110010,
010000101100100101100010101,
010000101100011011011100100,
010000101100100010001100100,
010000101100011111110000001,
010000101100011111111111111,
010000101100010010100001111,
010000101100100001001000010,
010000101100100000110010101,
010000101100100001011001111,
010000101100100000101111111,
010000101100101111010111010,
010000101100100000101100010,
010000101100100000000101111,
010000101100001111000111111,
010000101100100100110110100,
010000101100100110010101101,
010000101100011110000010000,
010000101100100101101101110,
010000101100011000110110001,
010000101100011110111010010,
010000101100011100101101100,
010000101100011111111110111,
010000101100011101001100011,
010000101100100000001011100,
010000101100100100001011011,
010000101100100000011010100,
010000101100011110001101001,
010000101100011101011000001,
010000101100100001000001100,
010000101100011001011010000,
010000101100101100111010111,
010000101100100001100110111,
010000101100011111000100110,
010000101100100001101101111,
010000101100011111100010110,
010000101100100000011001001,
010000101100100001011100110,
010000101100010101101101111,
010000101100011101010101101,
010000101100100100001011111,
010000101100100000111000011,
010000101100011001100110011,
010000101100100000111100001,
010000101100011111100101110,
010000101100010111011010110,
010000101100011110111011101,
010000101100100101000101001,
010000101100100100010001110,
010000101100010101111111110,
010000101100011011100011101,
