000000000000000000000000000
001111110010011111001011000
001111110111101011111111111
001111101010111100110111110
001111100110000010001110010
001111110011001010010111000
001111110011100101011011110
001111110011100011011111000
001111101110001001101000001
001111111000000000000000000
001111110110001100110111000
001111110011101110011010001
001111110100010101100010001
001111110010011101100011111
001111110111110111001010011
001111100001011011001000001
001111100111100101110011100
001111101001001011110100100
001111110001101011101010000
001111110110110001001010010
001111110111001101000111001
001111100010101111101110110
001111101001010011111111011
001111101110000101100010010
001111100101000000100010001
001111100111010101110110010
001111110000000001011110110
001111110111100111110011010
001111110111011101001110101
001111011111001000010010100
001111110101011110010001110
001111110001010110101010001
001111110111111001001101100
001111100111111100101110101
001111100111100100100010101
001111101000101100001000011
001111101000101100111010110
001111100001100110000101100
001111110100111011001000010
001111011011010011000001000
001111110000010011111000011
001111101101100010010010000
001111110011111101010011101
001111110000010101110011001
001111101010111001101000010
001111100101010100000101100
001111110100101110111101111
001111100001111011000110011
001111110001001010001110011
001111110011000110001111101
001110111110000011011001111
001111110100101000100111111
001111101000010001010110111
001111101100111010110011010
001111001100100011111110101
001111110111010011101010101
001111011101000101010101011
001111110111010000100111001
001111011001101111101100100
001111110101101001111110100
001111110011001100110101110
001111110111111101001100110
001111110011001100110011110
001111101000110001110011001
001111100111001100011111110
001111101000100101110110011
001111110100000100011100001
001111110000011011001100100
001111011010010111010100001
001111101000111111101001010
001111101001110100111110101
001111110100100100010100010
001111100000100010001100110
001111110001001010110010110
001111101011100001101011110
001111100101000111010110011
001111101110100011010000011
001111000100100101110101001
001111110010010000010101000
001111101110101111000111011
001111101001111010001110110
001111100011010010111101111
001111101111000101011110110
001111011000000101110011000
001111110110011000000110110
001111100110100111001000011
001111110101001000100000000
001111100011000101100100000
001111110001100101011111011
001111110110010111010000100
001111110011110001010111000
001111010100010011100101100
001111110101111100111000100
001111101011110001100001011
001111110101101110101011111
001111011010000111100100111
001111110011101011000001010
001111110001110100110110000
001111101110001100101011000
001111110000111100000000010
001111110011110010110111101
001111110000010001010110111
001111110111100111110011010
001111110111101011111111111
001111101010010000010101000
001111110100111010110011010
001111100111011101001110101
001111110010111100110111110
