010000001011110000100111110
010000010100000111011000110
001111101111001101111000111
010000010011010001111011110
010000001100100000000110110
010000001001110000101000111
010000011000110010100101101
010000010000011100111100111
010000011001000001110101010
010000011001100000011111101
010000010101111110001011001
010000010001101101111101011
010000001010011000010100111
010000011001001001111001001
010000011000010100111100111
010000010101011100011100010
010000010011111101001000001
010000001001110101001001111
010000010111110000001001101
010000001000010100110000111
010000010001100000000101101
010000010010001011001111001
001111111001011001001011101
010000011000111101100111100
010000010011011001011000001
010000011001010111111111010
010000010111010100011010010
010000001110101000100010010
010000010011010001000100011
001111111101101000011001100
010000000111000110100010010
010000000011010110011101000
001111101001111111011010000
010000010111100100110001101
010000010000101000111111110
010000010000100110010000010
010000010001000110010111101
010000010100100011111011110
010000011000101000001100001
010000010111110111111101101
001111111000111001111111000
010000011000100110100110000
010000011000110001010001011
010000010000011101100100011
001111011100011000111010110
010000010110001011000001110
010000011001000011100110011
010000010010101001001100101
010000001110111010110100100
010000011000110100001011001
010000001100010100011000001
010000010101111001010101010
010000011001001100100011000
010000010101010110101100001
010000010101100101000100100
010000010101000011001011001
010000010101001000111011101
010000010000111111100101111
010000010110010101111110101
010000010101111001001111010
010000000101000101000000111
001111110001110010010101111
001111111000101110001011101
010000000101110000001001101
010000010101010010010111000
010000010010010101110011101
010000001100100111110000110
001111100010100111100111110
001111110000010011011110001
001111110111100110000110000
010000001111101001010011100
010000011001110111101100010
010000011001110011101110011
010000010011100001101100001
010000010001101000011110111
010000001100001100000000001
010000011000010000100110011
010000011000011011101111101
010000011000110101100001101
010000010101110110110100110
010000010010010010100010111
010000001101000111100100001
010000000110111010110111011
010000010001011111000101010
010000000100011110101011000
010000011001010101000110110
010000011001010100010110111
010000001001100000010111101
010000010011011010001010111
010000010010001111111110111
010000010000010111101101111
010000010110110000101011111
010000010110000100010111110
010000001101011001100000100
010000010000011101111101111
010000011001010011101110101
010000011001010010010010111
010000010000001100000010010
010000000111110000110011101
010000001010111101001000110
