010000101001110000001001100
010000101001010101100011100
010000101010101001001000101
010000101010000001101100000
010000101010010111110111001
010000101010010101011010101
010000101010001111110110000
010000101001110100111101111
010000101001110110011101001
010000101010000101011101111
010000101001110000001100110
010000101001110011100110110
010000101010110101111000001
010000101010010000101111100
010000101001101111011000000
010000101010001110001100111
010000101001110001101101001
010000101001101011111010100
010000101010001000011100000
010000101010101000010001011
010000101010010010101001110
010000101010100000011111010
010000101001110000101011000
010000101010000011001101010
010000101010001000011001110
010000101001101111011110111
010000101001101100101100101
010000101010100111101100001
010000101010001111100100111
010000101001111110010111110
010000101010100100011001101
010000101010010101010110100
010000101001110101010101101
010000101010110010011001001
010000101010010110110111110
010000101010110110000011000
010000101010101101000111000
010000101001111101010110011
010000101001101101011010110
010000101010001101010111101
010000101010000110100111011
010000101001111001001010110
010000101010011100010101000
010000101010110110010011000
010000101010000000111101010
010000101001111001000101100
010000101010001000110100110
010000101010100000101010010
010000101001111000111001001
010000101001101111110010110
010000101010001100001001000
010000101010001101100100100
010000101010011100000000001
010000101001111111101011001
010000101010001011010110111
010000101010000011111000110
010000101010001101001101000
010000101010110111100001001
010000101001111111011000101
010000101001101011111101111
010000101010011011100101011
010000101001110111100110010
010000101010010000001110001
010000101001111110110101011
010000101010011101010100001
010000101010011101110001100
010000101010001001111100011
010000101001011001011011111
010000101010010010110000011
010000101010111001000010001
010000101010101001111110011
010000101001100101110110111
010000101010001101001110001
010000101001111101011010100
010000101001110100011011011
010000101001101110111011011
010000101010010110110110100
010000101010000100000001110
010000101010010000101111101
010000101010000101101000111
010000101010000011000110000
010000101010011001000000011
010000101010100010010111101
010000101011000110101001001
010000101001101011101101001
010000101001110100011110100
010000101010101010011111000
010000101010000101000100001
010000101001101011000100111
010000101010010111100011011
010000101010110111111111101
010000101010100001110101011
010000101011000010100101100
010000101010011100100000011
010000101011000000001001110
010000101010000110011000000
010000101001110001011010000
010000101010001001101111111
010000101010101110011110110
010000101001110010000001101
