010001000000000000101101001
010000111111001111111100011
010000111111111110000011000
010000111110111100000000011
010000111111101011011100001
010000111110010111110100010
010000111111010100010001101
010000111111111010011110110
010000111111011011001010001
010001000000001100101110110
010000111111001110101111111
010000111110001010111111011
010000111110110110101111000
010001000000001001000111001
010000111111100011011110001
010000111111110111001010110
010001000000000110111000100
010000111110010011001011101
010000111111001110001101100
010000111111001011110100111
010000111110111111010001100
010000111111100000101101110
010001000000010010011010111
010000111111100110011101100
010001000000001100100011001
010000111111001100001001101
010000111111101000010011010
010000111111001000101011110
010000111111111111011110100
010000111111011101111100111
010000111111111011001101001
010001000000000001010111001
010000111111100100110111011
010001000000000101110010001
010001000000100010001011111
010000111111111100111111000
010000111111100111100001110
010001000000000110010000110
010000111111101010001111001
010000111110111011101101111
010000111111111011011010110
010000111111100111110011001
010000111111011100111100111
010001000000001101100001110
010001000000011001010001001
010000111111010011000110001
010000111111101100001000110
010000111111000111101100011
010001000000000001100110111
010000111110001001011010101
010001000000000111110011010
010000111111110000110000011
010000111111110010011101110
010001000000001100010001001
010000111111011101000000110
010000111111100010101011001
010000111110110101001011100
010000111110100101011101001
010000111111001011110110111
010000111111110011001111000
010000111111010010010110100
010000111110110010101010001
010001000000001001011101000
010000111111001011100001000
010000111111100111100011000
010000111111100111111101111
010000111111011110000001011
010000111111110111110111001
010000111111011101011100001
010000111110100101011100001
010000111110111110110101110
010000111111110001101110010
010000111110110101101111001
010000111111011010000111001
010000111111000010010110000
010000111110111001000001001
010000111110111111001001111
010000111111010111111011101
010000111111101110111100100
010000111111100011010110101
010001000000001001010010000
010000111111011110001011110
010000111110101011010011000
010000111111101000011000111
010000111111101010110110101
010000111111110100101010010
010000111111111011111111100
010001000000001101100011111
010000111111010010000101100
010000111111110010011011101
010000111111100111011110010
010000111111010000110010100
010001000000011110101110011
010000111111011101101100100
010000111110101111100111100
010001000000010111011001101
010000111111110101000001011
010000111110111011001111010
010001000000000000011010000
010001000000001101011001010
