512.705483
487.971757
511.023694
478.003191
501.719812
459.908734
490.138242
509.240960
493.579906
524.731113
487.374407
453.495777
475.367269
521.112968
497.735520
507.584472
518.883995
457.591466
487.106422
485.913965
479.637256
496.358363
530.420265
499.231225
524.548960
486.075904
500.150490
484.342139
511.738771
494.975853
509.602716
513.363101
498.433576
517.783452
546.185750
510.492774
499.764254
518.262816
501.118814
477.858602
509.709954
499.899899
494.475643
525.529049
537.268012
489.548814
502.068489
483.847017
513.608772
452.708203
519.802297
504.377982
505.233249
524.268890
494.506660
497.337311
474.589996
466.727871
485.928915
505.617610
489.175813
473.329385
521.453725
485.758291
499.774289
499.983659
495.011274
507.931506
494.719733
466.719782
479.420498
504.861894
474.868198
493.056336
481.172556
476.508794
479.577166
491.966665
503.473313
497.677630
521.282383
495.092274
469.649217
500.194683
501.427457
506.330716
509.996513
525.561683
489.043677
505.216168
499.736467
488.394720
542.726168
494.847658
471.809430
535.402018
506.510920
477.619208
512.407003
525.395637
