99.988465
100.023571
100.251474
100.127314
99.909244
99.864594
100.040167
99.999272
99.962780
99.988187
100.141539
99.948118
99.938024
100.021995
100.258728
100.029503
100.074760
100.072163
99.983116
99.921070
99.283560
100.195323
100.375332
99.821273
99.795657
100.135132
100.003014
99.611857
100.278374
99.985157
99.994363
99.994370
100.008633
100.032039
99.985136
99.980985
99.921877
100.321248
99.880163
99.989445
100.072161
99.933692
100.081173
99.992962
99.770937
99.909128
100.219769
100.012617
100.009787
100.058626
99.981080
100.019845
99.810689
99.974008
100.056876
100.095183
100.006182
100.084660
100.028129
100.000619
99.996253
100.062047
99.986022
100.125643
99.998840
100.266273
99.898460
100.000180
100.165289
99.837155
100.003137
100.077775
100.145374
100.066898
100.005392
99.960111
100.099141
99.964919
100.035204
100.233102
99.965462
100.185427
100.328908
100.102700
99.793736
100.018438
100.011316
100.270187
100.099904
100.197914
100.392861
100.057791
100.026942
99.966172
100.115521
100.067541
99.603684
99.884772
100.000381
99.981373
