99.930066
99.798489
100.226058
100.670939
100.115856
100.733411
100.387769
100.069321
100.711171
99.743450
100.194789
99.825801
100.144214
99.934102
99.865399
100.050454
99.198763
100.111209
100.333476
100.144600
100.141266
100.386307
99.326826
100.146837
100.138479
100.304225
99.438435
100.330608
100.068247
100.054170
99.609475
98.818642
100.100764
99.986995
100.211338
99.600168
99.594351
99.132676
100.133400
100.496256
99.837072
99.873062
99.723652
99.858733
100.472809
100.350584
100.075561
99.468897
102.639205
99.902989
100.692863
99.430789
100.274559
99.969021
99.999936
98.316313
100.141232
100.099058
100.175628
100.093539
101.920422
100.086556
100.011605
97.890503
100.606506
100.792240
99.753942
100.714553
99.105724
99.863996
99.588983
99.997846
99.649263
100.022567
100.522231
100.051944
99.775878
99.672216
100.128148
99.175794
101.615021
100.201153
99.884457
100.214835
99.943004
100.049273
100.181238
98.714752
99.667473
100.523296
100.110341
99.200143
100.117507
99.948807
98.927404
99.866601
100.635107
100.534799
98.749657
99.444797
