001111110111011010010111000
001111111111111000001100100
001111011001111110001011000
001111111110110010001001000
001111111000001100010010111
001111110100110010101000010
010000000011100001010011101
001111111011000100111100111
010000000011110101010010010
010000000100011101011110001
010000000001001001111011111
001111111100101111000111100
001111110101100110101001001
010000000011111111110110011
010000000010111010011101111
010000000000110011110101010
001111111111101010101111111
001111110100111000100011000
010000000010010100100111111
001111110010111010001110001
001111111100011100111100000
001111111101010101011111001
001111100100010011111000110
010000000011101111110000110
001111111110111011111001011
010000000100010010010100101
010000000010000010011100100
001111111001100101101100100
001111111110110001000000011
001111101000111011101010101
001111110001111001010110101
001111101110111000000100001
001111010101000101111110111
010000000010001101001010111
001111111011010100101111001
001111111011010001001001001
001111111011111011001110111
010000000000001110110011011
010000000011010011101011100
010000000010011001101111100
001111100011101011000000001
010000000011010001100101101
010000000011011111100101010
001111111011000101110000101
001111001000000111100101011
010000000001010010010111000
010000000011110111100110100
001111111101111100110000010
001111111001110001101011010
010000000011100011011000110
001111111000000100100111000
010000000001000110110000111
010000000100000011010101000
010000000000110000000100000
010000000000111001011111001
010000000000100011010001100
010000000000100111000011000
001111111011110010010110011
010000000001011001100010010
010000000001000110101100111
001111110000100100011110110
001111011100110100110111001
001111100011011011100010001
001111110001000000101111110
010000000000101101001110011
001111111101100011010101110
001111111000010001010100000
001111001101111010101100000
001111011010111000100001110
001111100010001110000010001
001111111010010000001000110
010000000100111011110111111
010000000100110110101011001
001111111111000110110010100
001111111100100111111100001
001111110111111110001111100
010000000010110100110000111
010000000011000011010111101
010000000011100101001010001
010000000001000101000111101
001111111101011111000100010
001111111000100110001001101
001111110001110001101101001
001111111100011011100111101
001111110000001011010110110
010000000100001110100010111
010000000100001101100100001
001111110100011101010011101
001111111110111100111011111
001111111101011011101101010
001111111010111110000101111
010000000001101011000010010
010000000001001101111111110
001111111000110001111010010
001111111011000110010010001
010000000100001100101111011
010000000100001010110111001
001111111010101110110010000
001111110010010101000011011
001111110110010110111000101
